100
2 1
100 20
200 10
2 2
100 20
200 10
3 2
100 10
100 10
100 10
4 2
9 3
7 1
10 1
8 4
5 3
38376 113883
649194 6732
54366 80388
828036 5278
984984 4437
9 5
22689 2518
25020 2846
28765 2016
245447 96
24338 2582
200324 49
21257 2325
25947 2322
23986 2142
2 1
200279 338646
700840 656351
7 5
826176 346052
586126 334306
650506 622265
676262 514179
897930 524386
577378 337912
650155 285900
8 6
89117 868730
503444 153778
287824 268979
527781 146687
867766 89216
87442 885371
451331 171534
91684 844407
9 6
274966 2
260004 25
20056 2192
20213 2732
23344 2399
28571 2837
22510 2853
26815 2966
24631 2771
3 2
13877 10
3001 381292
3464 347185
2 1
547211 894504
972204 39701
3 2
284648 33669
184212 52026
925704 10353
4 2
768682 803313
973035 72685
161854 863181
753195 171650
9 5
3007 361058
18246 14
3924 340219
3809 307238
3256 375703
11363 64
3418 347526
3050 337530
3843 344800
7 4
3592 382620
3531 330773
12717 9
3593 305793
3225 323064
3964 303285
12599 76
3 1
21584 2400
22294 2155
245599 62
4 2
102795 658132
117973 573459
153216 441551
71700 943552
2 1
161198 353500
215266 264712
4 1
230463 16
22829 2769
21079 2919
24403 2954
10 6
10836 874038
333207 28424
46002 205884
178794 52972
190404 49742
45752 207009
10578 895356
953496 9933
839188 11286
19737 479864
5 3
25361 2430
200452 61
23674 2697
29104 2882
244502 77
3 2
322146 221085
222608 319942
133733 532566
5 3
783354 437292
165162 118212
184114 592584
338592 873035
904829 797489
9 4
3997 349003
17475 89
3728 386167
3448 358252
3674 343158
3487 366124
3228 393605
3231 323311
17763 68
5 3
10846 867132
550188 17094
11067 849816
270396 34782
18241 515592
5 1
38988 989427
617499 62471
923838 41756
758828 50836
54614 706335
3 1
200271 1
21714 2875
22833 2047
5 3
218776 111321
712908 34162
147436 165186
80073 304152
204972 118818
4 2
546290 42002
964624 127626
823960 936211
600942 26638
2 1
3757 330639
14719 100
10 10
1000000 1000000
1000000 1000000
1000000 1000000
1000000 1000000
1000000 1000000
1000000 1000000
1000000 1000000
1000000 1000000
1000000 1000000
1000000 1000000
2 1
104190 873742
129804 701328
7 1
226724 946193
619598 751045
919519 341657
49312 868594
955223 466056
802447 742313
676171 523684
1 1
1 1
5 3
19019 274536
179949 29016
8892 587202
49569 105336
30996 168454
2 1
10473 69
3995 308246
4 3
46748 666414
841464 37023
152334 204508
268632 115971
10 5
190303 463998
104604 844138
328680 268651
257707 342638
786758 112233
640121 137943
869165 101592
174123 507114
918550 96130
118032 748104
7 2
3271 390428
3292 325427
3013 369738
17096 62
3014 367484
17007 100
3378 304994
6 4
11396 715122
26486 307692
51414 158508
8721 934472
582692 13986
40698 200244
9 3
20975 2257
21902 2070
28209 2967
23420 2605
28486 2980
27945 2442
288019 17
20337 2565
233838 34
4 3
3835 385814
3984 366209
12873 17
3829 321935
8 4
3183 362336
18507 12
3457 327436
3196 393453
3791 323058
19062 95
3112 331515
3172 372155
3 2
3652 396388
13232 45
3002 393311
5 1
720503 436275
441106 744790
35213 890644
87001 698753
560176 271003
10 6
119820 643094
868564 88716
77689 991846
171528 449230
719802 107051
359384 214410
618185 124648
670287 114959
88980 865987
134981 570862
10 4
19225 87
11066 23
10711 6
3395 324176
3382 388374
3254 398056
3156 352850
3652 380668
3051 383273
3975 367380
9 5
22287 628488
402781 34776
213237 65688
21924 638894
330372 42398
28152 497553
18009 777784
336168 41667
83076 168606
7 5
250488 247088
570160 108553
222380 278319
95133 650590
283587 218249
153043 404413
147782 418810
5 1
689037 680164
965874 903751
177194 755936
665152 879965
621102 965722
6 2
735504 96190
336233 210414
808236 87534
490785 144153
596487 118608
485544 145709
7 4
172172 21114
70686 51428
195822 18564
92092 39474
116127 31304
10626 342108
25116 144738
5 1
132754 619349
266448 308582
730659 112530
203897 403248
163039 504303
7 3
16792 77
3907 379806
3553 382572
18833 28
3008 383226
3668 359988
3222 358914
7 1
20333 2680
20037 2550
25432 2534
237591 73
20033 2323
21751 2193
213073 35
5 1
473572 520184
947774 410770
88083 467089
331488 118559
538529 616334
6 4
23878 2699
267298 76
200420 76
24217 2154
26395 2758
20218 2245
9 5
166640 104232
998479 164644
420516 731303
208390 429494
499916 945652
862384 224462
451654 506548
52013 65399
910819 876127
2 1
27385 2019
279906 51
4 2
27091 2392
212413 87
25962 2668
28301 2388
7 5
20602 2555
28817 2090
220654 55
236117 48
22251 2922
21409 2700
22602 2383
6 4
299470 73
25255 2492
21967 2323
26169 2293
21992 2280
284742 92
10 4
23677 2949
23809 2999
22097 2449
24702 2693
20584 2823
267831 91
222303 3
25572 2006
20055 2374
281386 68
7 1
3965 331738
16559 34
3125 396030
3390 314870
3925 345536
3476 323008
18215 20
4 3
667575 891718
555999 645011
259805 617026
358754 334658
6 1
24735 2405
26874 2189
218405 9
28884 2572
27319 2825
234318 12
2 1
334375 253895
216637 391882
3 1
509286 75672
476139 80940
260474 147956
10 7
3134 313227
10837 62
3961 369060
14197 86
3200 393372
13361 35
3455 357436
3144 329751
3641 330044
3442 384645
6 2
26775 734302
634798 602893
884944 293110
138176 635389
512819 252658
645016 458774
3 1
234973 314931
238736 309967
136114 543664
8 4
851730 543588
777344 358921
532558 413794
433137 569144
899077 754577
404761 353570
508925 468009
297903 643040
7 3
78590 618374
692526 70175
408222 119048
557662 87146
356032 136499
111745 434901
78662 617808
10 7
367675 118785
414855 105276
984564 44359
227705 191802
180617 241806
619300 70522
189482 230493
87008 501957
49703 878705
526545 82945
3 1
3400 319057
10026 39
3060 341519
6 2
16582 22
3650 334818
17433 85
3109 313608
3319 300923
3624 382587
6 4
66402 232716
357588 43214
205282 75276
71982 214676
69003 223944
162316 95202
10 6
142968 52767
805896 9361
47817 157768
444444 16974
473304 15939
488474 15444
31857 236808
203688 37037
127512 59163
54054 139564
2 2
192372 144522
43401 640584
5 3
290472 58
25885 2621
238607 52
26436 2824
24419 2934
3 2
9048 653499
898884 6578
37884 156078
4 1
10323 6
3199 353437
3647 397891
3504 378998
7 4
43384 251937
27993 390456
231942 47124
84796 128898
855848 12771
131967 82824
254388 42966
10 2
3292 399439
17438 88
19035 9
3100 394937
18392 45
3708 327771
3003 331208
3725 302254
3893 353689
3919 392264
3 2
543384 4711
709980 23380
974577 991644
9 6
3744 357378
3002 397804
3437 304584
3094 391900
19874 80
3063 377705
17023 7
3300 309667
3048 304891
3 2
766853 118420
313960 289243
95376 952134
9 4
278315 804554
423227 203637
945704 949148
667855 644927
308637 468176
199581 546477
574710 318789
629106 181842
907003 378897
6 4
549746 9828
5624 960687
9842 548964
110124 49062
61047 88504
11544 468027
4 2
350440 184339
576120 112129
632005 102214
779936 82827
10 3
28797 2086
230645 98
24742 2226
20467 2072
29182 2844
297472 13
28054 2467
262266 52
22853 2787
23420 2304
6 4
23739 2559
20278 2406
29623 2958
226218 56
25481 2851
271368 34
2 1
67978 555698
972413 324033
2 1
900687 280556
76378 952116
10 6
164300 511538
448593 187354
511915 164179
587839 142974
116491 721478
428833 195987
275426 305148
392070 214364
866647 96978
210625 399030
5 3
41667 475272
56373 351288
673302 29412
238374 83076
22287 888552
7 4
49476 363834
583389 30856
409944 43911
224808 80073
169911 105944
42804 420546
151032 119187
6 4
132184 186921
623844 39606
29016 851529
59892 412542
220662 111972
166842 148092
9 3
620567 75345
577901 548637
870708 391099
791077 182730
925882 298025
384721 761790
836151 72385
601230 508014
24576 697011
