100
2 1
100 20
200 10
2 2
100 20
200 10
3 2
100 10
100 10
100 10
4 2
9 3
7 1
10 1
8 4
2 1
3274 314910
16734 62
1 1
1 1
7 5
11332 27
3578 393425
16036 32
3701 310953
3024 382781
3439 352471
3200 352422
10 3
204617 145499
251866 118204
403863 73717
82922 359031
325625 91429
219929 135369
890165 33445
122857 242327
72463 410852
154316 192926
10 4
912366 867573
958541 160728
920207 152808
595833 936982
682146 713479
703208 358260
237685 945215
233702 967921
98230 193674
434337 419512
2 1
18948 89
3383 304658
5 1
674172 232818
482956 162295
592121 411051
456958 897133
975405 131745
5 3
833112 19721
813276 20202
753246 21812
141778 115884
64206 255892
6 4
648723 721039
542090 382297
431818 690192
278000 563851
971060 320234
569395 218564
3 2
23733 2258
20335 2122
240477 48
9 2
292312 756538
769894 899772
30905 482196
935845 561704
312596 327534
855045 198526
437112 713665
365693 774965
231809 951156
9 2
22146 2959
202813 13
20385 2728
24026 2706
29944 2456
21930 2750
22095 2431
21916 2129
270668 44
6 4
286885 224756
918166 70226
583606 110484
99414 648592
598292 107772
265332 243013
7 2
763470 355227
483997 371940
26238 908249
914071 857608
385542 876548
989386 372297
683218 63363
4 1
559653 93955
93325 563431
762879 68926
143963 365248
5 1
24390 2794
29570 2567
20152 2025
267985 65
217379 40
4 1
280710 85
24698 2031
22631 2446
20849 2881
5 3
419594 77004
158424 203949
983754 32844
135966 237636
43214 747684
7 3
11978 66
3241 346326
16744 46
3760 351329
3897 357375
3132 378527
3087 385259
6 4
239134 57564
93496 147231
59508 231322
588924 23374
53382 257868
61992 222053
10 6
3676 358451
18470 85
3337 371709
10408 21
3729 344033
14950 14
3681 334544
3927 335503
3666 324023
3145 301285
10 7
185154 770086
61929 221829
870429 504794
343586 727217
617833 889511
352098 547541
858825 597830
576515 794426
54882 255800
424994 469830
9 5
530682 77844
142189 269718
387784 903544
665413 313620
64073 679156
367912 847794
508618 211928
234881 831477
626728 486705
2 2
286713 69368
69782 285012
2 2
71079 317016
31059 725496
8 5
3139 379531
3609 374612
18130 78
3969 346628
3834 348434
18225 51
3157 324370
3650 373246
6 1
203812 716863
111633 298219
701044 92286
891787 968968
963221 643017
142177 992174
6 4
121394 171828
518259 40248
235683 88504
27972 745706
190008 109779
34776 599807
10 10
1000000 1000000
1000000 1000000
1000000 1000000
1000000 1000000
1000000 1000000
1000000 1000000
1000000 1000000
1000000 1000000
1000000 1000000
1000000 1000000
4 2
226853 90
23439 2690
24654 2931
25387 2353
6 3
424378 481000
896627 993167
156006 955049
639055 247209
302759 976031
785169 440308
8 6
687550 45171
336840 92202
93611 331770
264030 117628
96913 320466
436511 71149
325068 95541
765883 40551
7 4
18126 14
3224 369380
18263 44
3746 325359
3256 353577
3948 387641
3288 344974
10 6
892261 20948
473127 300109
82108 500453
911699 910575
645794 577991
578253 236714
279521 655463
229079 121518
80298 131457
219119 794345
2 2
61992 227513
153846 91676
9 5
82824 443889
405594 90644
38998 942732
381582 96348
335916 109446
679644 54094
443889 82824
730269 50344
545972 67338
9 3
21353 2341
29104 2717
238037 17
228778 54
23040 2222
26501 2103
25418 2170
22474 2374
25532 2615
4 2
3653 303118
3850 376206
19092 77
3019 353674
8 5
103974 382284
296184 134199
402597 98728
51948 765142
532467 74648
109306 363636
260924 152334
147963 268632
5 1
60483 581469
143438 245186
99919 351975
347946 101076
191642 183514
10 5
57750 858037
56958 869968
64176 772121
322833 153490
57657 859421
356715 138911
849345 58341
148324 334077
113152 437921
777793 63708
9 6
24322 2950
29446 2120
207003 28
21387 2634
295719 27
28131 2580
25797 2015
26890 2704
28242 2757
8 6
25058 2882
266037 85
221264 69
26592 2083
20068 2910
25018 2622
20750 2299
25823 2806
2 2
59892 791874
110577 428904
5 3
370253 120623
133935 333453
424801 105134
202812 220209
366038 122012
10 7
105518 789197
262405 317351
117371 709498
144004 578279
597721 139320
92545 899827
106915 778885
100601 827770
247043 337085
805495 103383
6 4
48546 228956
133052 83538
727272 15283
807534 13764
22533 493272
550188 20202
4 1
3985 352219
3378 393303
3737 383240
14555 85
7 5
417631 914020
930598 182820
863309 115137
476809 681867
865015 202018
121005 241148
590165 863374
5 3
879581 29532
154779 167825
84259 308285
141674 183349
38900 667758
3 1
15704 13
3004 378803
3423 385166
5 3
55352 224721
166056 74907
106227 117096
573426 21692
722092 17226
7 4
638001 38184
44772 544122
33579 725496
31734 767676
363636 66994
402948 60458
40248 605283
3 1
853163 101983
310070 280608
202995 428622
10 6
27962 2226
26412 2681
258316 85
208871 3
26177 2121
20138 2576
20694 2079
231848 77
25171 2378
26955 2507
2 2
396552 25641
21238 478764
5 1
161208 88138
654953 21694
74557 190573
85886 165435
246612 57615
9 5
74891 971625
98311 740161
82731 879549
106291 684592
96492 754114
447078 162759
354244 205412
109889 662177
336263 216396
5 3
18447 62
3812 308754
19526 13
3787 330371
3564 389671
6 1
551720 281543
142289 74982
555385 950180
522801 129575
641070 658401
180490 239248
8 2
283163 823807
644289 286672
135668 973659
858058 835469
473011 661679
573617 2357
163793 137382
834076 114810
7 2
498963 173034
926667 93170
559384 154344
234959 367458
96571 894032
623556 138460
188320 458462
3 1
3810 340639
16311 48
3064 381466
6 2
80148 714248
125338 550125
932706 10992
213062 178612
37379 792032
457659 23198
9 6
621216 133243
648999 127539
91148 908113
243123 340456
395489 209292
195474 423446
314609 263097
188617 438840
765726 108097
4 3
165186 39556
453096 14421
23529 277704
7337 890568
9 5
373464 65231
151848 160433
904419 26936
109224 223041
496392 49077
45838 531468
40248 605283
177156 137514
987012 24682
7 2
55480 713947
282655 47008
43199 38969
977224 564151
852025 960069
979580 226710
417725 297226
10 4
276163 67
22767 2897
27034 2780
22878 2875
237393 19
24611 2430
23862 2158
20940 2525
226612 84
20827 2151
2 1
263781 48
22540 2095
5 1
315245 642514
778389 257033
284988 556880
673219 407729
257604 195897
5 3
24258 2829
22729 2769
290881 46
275736 44
25579 2832
8 2
367862 248789
331521 276061
438008 208946
308797 296376
765544 119549
168588 542862
382772 239098
979620 93424
10 3
3038 387191
3960 343312
3515 301056
17147 2
3207 312329
3216 342353
3043 360956
3710 323732
15543 15
18199 12
5 2
77026 582927
106353 422184
229391 195738
759507 59118
130452 344192
5 3
189288 59663
844752 13369
656293 17208
72475 155826
83653 135004
7 2
524752 49314
47280 547327
229253 112878
574956 45008
41323 626228
38314 675409
559238 46273
2 1
297163 93
29831 2780
6 3
3690 381454
3899 374638
3515 356038
13095 30
3196 342677
18065 46
9 6
3056 354771
3840 385245
3874 351838
3809 328573
14177 12
3515 342048
17894 86
3726 343297
3585 358485
10 6
427895 138010
593235 832991
86131 985881
540919 6190
382630 874693
191129 407372
631291 669381
292504 183763
885270 127068
386884 478336
8 2
3322 323138
3628 393615
18196 40
3712 325931
11197 5
3157 386254
3577 354946
3921 370148
6 2
980673 129286
596424 614147
21436 658607
981636 626730
517090 588381
288202 580908
7 3
241464 7
26691 2581
24638 2580
23484 2676
22583 2342
22411 2654
200309 35
2 1
20971 2439
248615 93
2 1
281809 76
22034 2736
3 2
50232 301473
676476 22386
238602 63468
3 2
51084 163618
57288 145899
72072 115971
2 1
17623 6
3465 390783
6 4
102564 91698
97092 96866
32116 292842
453096 20757
15022 626076
233988 40194
3 2
3490 396582
3557 399592
16566 5
2 1
234695 43
24938 2193
7 4
179094 113463
39568 513560
390697 52011
66000 307887
215422 94329
72294 281082
270353 75163
2 1
16341 2
3639 313934
10 3
333188 947194
39483 19181
280098 984155
205097 12739
937317 531074
465045 897512
922482 186714
981236 28869
419463 194788
231671 730845
6 4
22422 2671
267455 4
27089 2278
23236 2179
243451 84
28146 2552
