100
2 1
100 20
200 10
2 2
100 20
200 10
3 2
100 10
100 10
100 10
4 2
9 3
7 1
10 1
8 4
9 2
19223 5
3515 390744
18714 68
3021 306439
3937 354321
3311 342240
3072 366249
3380 392241
3139 325620
3 2
26892 2809
258425 26
29039 2507
5 2
24679 2697
23440 2992
212693 14
21515 2425
270274 19
6 3
189199 239530
54453 832256
77366 585772
111653 405890
174263 260060
92608 489362
3 2
24547 2741
294425 70
29287 2353
8 4
3139 399619
3366 326508
13798 35
3991 383596
3669 332405
17165 74
3342 357662
3023 388407
5 1
851287 60407
328609 156489
779513 65969
927606 55437
979387 52506
7 1
3839 336526
3336 371381
19497 81
3163 358893
3935 381529
3609 309497
13548 42
6 4
415365 80393
57819 577534
522369 63925
102411 326063
102801 324826
654651 51008
6 3
10912 73
11165 27
3755 395241
3463 375886
3277 314604
3072 340503
8 3
370198 150026
229471 242032
642913 86387
244405 227243
62287 891668
604194 91923
174033 319131
60957 911123
4 2
554301 164163
577113 157674
105379 863509
205312 443207
10 6
788307 11592
525538 17388
37352 244647
526932 17342
59409 153816
101844 89726
16146 565964
34776 262769
238119 38376
686504 13311
1 1
1 1
2 1
282549 93
21449 2511
8 4
287612 40
249820 75
29466 2092
22291 2479
25534 2273
27247 2658
26757 2067
29515 2634
2 1
57860 453547
865312 134851
4 3
357889 183816
592296 111069
98728 666333
729882 90132
5 3
504252 38786
712908 27434
77572 252126
26187 746856
40549 482328
4 1
23490 2377
27210 2747
27211 2142
272556 67
9 2
875883 19493
45697 373626
834731 20454
665222 25666
519918 32839
335810 50843
176309 96839
152209 112172
903460 18898
4 1
29084 2595
20095 2491
29495 2327
266027 19
10 7
24614 2932
29706 2578
297187 3
249301 28
24741 2268
29632 2211
295526 19
27210 2649
21131 2444
29475 2492
6 2
589589 720489
905096 260267
210287 26650
164517 307992
183619 753771
301054 180050
3 1
27254 2090
23113 2186
202850 44
3 1
767969 119546
623290 200456
501618 701229
4 2
628034 141388
219992 403635
199759 444518
112292 790764
5 3
13338 151844
10353 195624
4522 447876
47736 42427
13566 149292
3 1
169201 232244
232942 168694
150487 261125
7 4
218383 410639
694376 129147
108592 825812
480466 186645
893024 100419
150600 595462
205888 435560
5 3
46683 145928
131138 51948
15834 430236
8584 793611
17748 383838
9 6
315907 279725
138289 639003
909894 97118
867424 101873
308843 286123
154877 570563
514061 171900
331206 266804
249760 353808
5 3
237762 19228
475524 9614
6216 735471
131461 34776
468027 9768
9 4
542595 597480
85988 754560
258412 979912
322648 379267
704751 606980
888930 157310
811794 279719
281725 755670
686633 343817
6 3
70489 498105
73351 478670
888232 39529
54219 647576
138729 253090
175516 200044
10 6
988011 50344
166152 299367
453096 109779
516258 96348
184667 269352
211048 235683
62307 798312
74037 671832
888444 55986
124062 400932
4 1
171738 38588
994407 264432
195804 366875
467515 254561
2 1
11975 25
3402 386482
8 4
12711 53
3141 379186
3394 367916
14556 45
3940 354143
3133 357439
3780 304673
3768 371978
9 6
3977 332488
11624 43
12503 42
3815 391044
3439 372760
3190 358719
3696 355604
3864 376883
3093 365472
5 3
156800 527694
99198 512152
636605 943940
637980 995016
360179 911870
8 6
275487 8
23094 2958
28172 2015
23970 2563
28974 2940
28703 2368
253845 24
27220 2219
3 1
415117 413424
995551 390810
444083 577561
8 3
241384 581423
740088 147389
486754 728330
822150 777636
12367 147562
525213 87887
964882 940817
272497 627668
6 3
15430 39
3978 372517
3593 320246
3093 312003
3817 346078
10362 19
9 3
12519 39
3646 360368
3748 301676
3537 360186
3943 354311
3971 319289
12341 36
3882 333379
3986 377711
7 3
3907 391852
3484 300326
3492 350893
15534 46
10553 41
3299 378092
3267 397104
2 1
717926 991074
445454 734557
9 5
769061 946442
782702 716883
152922 555554
5970 551547
896452 572463
541793 481312
85300 462884
638809 607516
755513 94386
4 1
29510 2319
25545 2628
28101 2267
266067 96
2 2
232101 57288
106764 124542
7 4
552552 14319
243386 32508
22274 355212
66378 119196
22792 347139
184184 42957
589743 13416
4 3
35588 177606
115661 54648
74152 85239
13299 475272
8 4
62977 432404
29429 925329
580122 46941
176395 154378
178219 152798
96516 282145
52768 516061
556165 48963
2 1
298598 78
21248 2721
2 1
261245 91
21220 2777
5 2
507825 137266
460201 151471
134153 519609
810218 86035
849403 82066
10 6
13208 2
16118 8
3161 374133
3936 316264
3713 304893
3067 337891
3399 310265
11258 24
3879 383284
3473 307742
6 4
18662 613548
34658 330372
281736 40641
15903 719992
643839 17784
94829 120744
5 2
104368 419929
309483 229998
711121 466024
356224 796514
164063 219879
4 3
820092 65505
140440 382513
156431 343411
63388 847481
5 3
3619 386997
17095 8
12700 33
3088 394028
3784 384665
7 2
29490 133628
117642 532365
253063 312803
319710 267897
588200 860249
485330 541367
97578 928292
6 1
3045 396256
10737 10
3748 309172
3767 348532
3794 360014
17033 81
6 3
3084 313391
3736 319800
12578 19
3866 326834
3646 320953
14450 94
7 4
54723 281736
64844 237762
692172 22274
358904 42957
184212 83694
292929 52632
153816 100233
8 5
26629 2611
29059 2245
28495 2228
20912 2719
22431 2447
28825 2828
241845 41
298173 78
7 4
65076 98154
549318 11628
8856 721259
23142 276012
542184 11781
90364 70686
113883 56088
4 1
3988 341932
11283 40
3666 320350
3853 362994
3 1
312214 62514
126326 154503
30934 630948
9 4
342725 866773
466276 59987
290768 288546
793569 9616
977415 779552
302884 74744
826795 903345
770200 85962
513040 224915
4 3
283157 24
23213 2302
24588 2568
25794 2703
5 3
127471 215487
822768 297962
293867 171298
541498 61450
622355 657535
3 1
778685 80181
79797 109396
730874 3679
3 1
409314 43124
868779 958609
912673 945045
2 1
28375 2812
278105 87
3 1
10 379718
304872 32109
20095 854288
3 2
3439 374074
3092 319128
15873 42
7 3
253977 311037
863306 516846
334756 780081
149124 402561
445100 142852
941430 645917
529035 827173
7 3
235558 276741
142702 456816
122484 532221
921380 70751
87749 742898
96925 672567
73286 889509
6 4
26404 985014
336168 77367
923853 28152
527916 49266
43911 592296
158424 164169
5 2
38532 942070
73036 497013
598474 60654
116623 311258
721251 50329
6 4
546858 14756
640584 12597
10332 781014
158916 50778
54366 148428
61047 132184
3 2
243423 67704
65016 253487
883779 18648
10 10
1000000 1000000
1000000 1000000
1000000 1000000
1000000 1000000
1000000 1000000
1000000 1000000
1000000 1000000
1000000 1000000
1000000 1000000
1000000 1000000
4 2
27795 2300
291094 48
26049 2179
21414 2623
4 2
248303 218653
273775 209135
836823 899503
975810 271532
2 2
265608 36777
575484 16974
5 1
3201 336858
10673 6
3282 399244
15505 38
3115 339262
6 4
38184 772317
29848 988011
88504 333207
41538 709956
73554 400932
231426 127428
4 3
763686 8556
138446 47196
24552 266133
9614 679644
7 2
27070 2886
29988 2258
25583 2319
29558 2430
279417 65
245927 18
20622 2583
10 6
664861 106216
666065 106024
516726 136666
519585 135914
332562 212348
123188 573261
424696 166281
713668 98952
462850 152574
539343 130935
6 4
3555 380757
3708 308884
3887 315747
3042 345432
10438 23
12954 35
5 1
3432 344844
3665 362512
11554 58
3100 350310
13049 28
2 1
767340 66638
392466 130289
