100
2 1
100 20
200 10
2 2
100 20
200 10
3 2
100 10
100 10
100 10
4 2
9 3
7 1
10 1
8 4
5 1
382736 201100
809970 95026
433321 177624
145692 528294
286894 268281
9 5
521848 111321
71176 816183
782772 74214
507129 114552
75981 764568
87172 666414
443889 130872
887778 65436
295926 196308
5 1
264505 105406
253235 110097
201169 138592
103893 268357
240069 116135
9 3
246466 63
20754 2514
28917 2535
280272 3
27522 2783
20666 2996
24171 2609
28605 2221
20215 2212
9 4
292129 359435
567301 879542
849618 582019
506889 912935
818221 589217
838906 716015
429210 447623
729701 674119
808619 311611
10 6
81809 176472
151032 95589
26187 551304
119016 121303
29412 490854
193401 74648
415896 34713
35217 409944
47386 304668
67338 214396
9 6
255456 76
28686 2945
222958 70
20070 2271
28571 2876
22413 2878
22749 2734
23304 2361
27217 2072
6 4
357588 39442
664092 21238
126936 111111
177489 79464
18018 782772
17094 825084
6 4
33292 423522
46872 300817
72036 195734
178002 79212
240219 58696
526194 26796
9 5
324564 160146
655836 79254
521848 99603
815796 63714
545972 95202
180523 287928
818958 63468
89913 578088
144522 359652
8 3
411087 148863
470074 130183
730206 83806
262426 233192
81134 754254
104517 585509
545547 112173
259938 235424
2 1
10263 95
3992 372921
9 4
3871 346573
16063 18
3009 323784
3271 367455
3907 332722
4000 360028
17358 57
3550 311086
3634 301986
2 1
848116 422515
694864 921058
7 4
601398 80852
923853 52632
184212 263958
77367 628488
169592 286713
171828 282982
545751 89096
5 1
3245 314338
3412 392609
16750 100
11728 88
3837 355914
5 3
407868 705965
84194 46766
587485 712312
855533 541159
260971 229429
3 1
26352 2936
208727 60
23737 2425
8 5
43624 390609
51578 330372
265734 64124
609178 27972
577116 29526
22977 741608
807044 21114
345876 49266
8 5
75276 690494
116994 444276
65231 796824
809217 64232
601398 86428
604996 85914
409479 126936
132804 391386
4 3
510626 49984
928404 249929
1867 375330
207537 427450
6 4
3505 382615
11154 7
3457 327154
3298 319269
14564 46
3522 321561
10 3
245165 57
26957 2144
200736 91
20196 2001
29276 2751
263350 31
21447 2410
28965 2610
28962 2159
22909 2860
9 5
42228 285418
147798 81548
118881 101384
47656 252909
62118 194028
342171 35224
17748 679098
339549 35496
132867 90712
1 1
1 1
6 2
55756 841312
92598 41529
709468 108374
264754 160742
119204 559901
592891 318726
3 2
763164 10374
7956 995106
23256 340431
2 1
4633 462978
712625 319521
5 3
228114 15708
14858 241164
5313 674424
936054 3828
28424 126063
7 4
961875 590003
583743 731265
819811 152822
656927 998501
53576 512132
326800 657021
162341 63498
6 4
11997 807576
31464 307923
12958 747684
596068 16254
11438 847044
894102 10836
5 1
203099 6
23667 2943
23213 2121
272965 84
21302 2050
3 2
3388 340309
11947 45
3744 318138
6 3
13039 37
3912 383621
18665 37
3438 368917
3849 350362
3309 312280
2 1
3919 328457
15433 12
8 3
204299 637478
453542 421886
585905 68016
819275 118244
267030 457926
816761 945144
9584 198955
301810 45150
3 1
289726 1
25945 2761
23762 2513
7 3
704255 93326
753227 707541
62105 369319
312042 322914
998345 167336
43724 42145
461846 335559
4 1
784756 472257
377798 155088
184341 995653
769144 695666
2 1
55072 479321
115080 229381
8 5
10062 11
3062 304050
3781 343766
3639 343777
3158 356518
3478 363587
11814 86
3183 324688
10 4
26121 2673
220178 7
28555 2056
23377 2278
21151 2488
21016 2039
254567 61
206574 50
26731 2630
23954 2336
7 4
178227 202616
54653 660744
124614 289788
38502 937916
468958 77004
222138 162564
73416 491877
8 5
50184 196581
276012 35742
145299 67896
327672 30107
27324 361046
28083 351288
16728 589743
13209 746856
7 2
419340 73817
40621 762030
40203 769953
869140 35615
106021 291965
984618 31438
72774 425350
6 4
383148 97193
523546 71129
66693 558369
44776 831680
40926 909918
511557 72796
7 3
17383 97
3859 381339
3845 330299
18483 45
3684 323427
3264 363222
3401 310564
5 3
3171 361342
10923 10
16754 78
3559 314610
3402 313218
4 2
20548 2797
23708 2538
286817 43
22673 2123
2 1
512755 109930
82790 680845
2 1
268934 979226
989588 491452
4 2
3382 374487
3572 320149
3845 312327
11930 75
3 1
803313 81958
116313 566041
569828 115540
9 6
28621 2903
200957 54
21157 2829
23238 2780
23192 2427
23304 2077
21349 2431
221009 76
27028 2259
10 4
291303 89
25971 2977
227944 65
22209 2838
24046 2959
22048 2514
22971 2025
27427 2729
27650 2159
249678 89
6 3
7828 113056
181660 257960
854818 225664
646820 191499
201225 404399
195273 366990
4 1
28241 2138
272154 11
28819 2295
29024 2116
5 2
228973 39
29329 2786
202901 51
25898 2223
26644 2281
10 6
103896 42427
324786 13572
148148 29754
165242 26676
68904 63973
90132 48906
208278 21164
93366 47212
342342 12876
79002 55796
7 2
3443 375984
3812 325271
19317 97
3630 359160
3371 382926
3346 393989
10117 31
3 1
614164 234793
756837 371522
855628 804708
9 5
3168 363335
3820 373318
17075 28
19003 56
3209 347418
3834 367683
3425 350502
3376 364273
3174 388024
9 3
231626 10
20287 2516
22313 2951
219636 52
20505 2383
21245 2364
26914 2824
26292 2737
28231 2917
4 1
251698 997124
802131 385930
787013 289897
20345 540810
9 2
235619 297589
169195 414419
912384 76851
75711 926122
269950 259743
217450 322454
322454 217450
107308 653424
136562 513449
10 4
24193 2623
274853 64
27999 2046
210568 8
25988 2346
28899 2520
28478 2090
254862 84
22332 2009
24222 2846
9 5
53352 307951
658008 24969
20664 795093
63973 256824
93366 175972
19721 833112
17316 948822
200564 81918
19684 834678
10 2
24988 2916
267573 30
25666 2492
252921 79
23328 2086
24675 2244
278436 48
29052 2644
21430 2920
22514 2861
10 4
763673 107802
289048 195204
863507 816262
330815 700454
923520 163441
715793 84386
419757 864030
208082 725145
983234 965138
657795 315866
10 7
70098 447946
91366 343674
254838 123216
171837 182732
381273 82356
126151 248909
149769 209657
209657 149769
353593 88803
150401 208776
4 3
411768 17391
198968 35991
75981 94248
14663 488376
9 2
3259 334805
3602 312102
3068 388568
3193 365165
15680 41
17869 53
3370 396758
3630 335064
3382 320856
7 5
588193 113437
280208 238119
114689 581772
219050 304601
119907 556455
349871 190707
215905 309038
4 3
434584 202660
774491 113717
934162 94280
326539 269716
7 4
241196 241956
89251 653873
994730 58668
95195 613045
431192 135343
72544 804461
510768 114257
4 3
135249 656891
184715 480978
752729 118029
282781 314179
8 3
152257 294783
117940 380556
287500 156114
920257 48772
885192 50704
63672 704906
139616 321473
637295 70427
9 5
734388 101442
607228 388626
408645 775295
299865 395287
378875 696249
455552 27147
78309 848192
219582 928963
331002 733125
2 1
23683 2607
253177 84
8 4
3018 329994
3909 368621
12109 74
3616 389793
3481 374559
12037 30
3770 363129
3523 345730
8 2
12202 1
15943 8
3610 357409
3344 307595
3731 303446
3098 313200
3456 359171
3728 339658
8 6
253726 70
217972 19
25798 2925
20836 2506
21734 2229
26740 2915
24464 2716
26698 2530
10 10
1000000 1000000
1000000 1000000
1000000 1000000
1000000 1000000
1000000 1000000
1000000 1000000
1000000 1000000
1000000 1000000
1000000 1000000
1000000 1000000
7 1
3949 313311
3713 349103
3977 323408
3305 345155
14773 73
3658 309326
17105 19
10 5
97679 214318
238351 87830
147875 141568
730566 28655
790752 26474
240719 86966
32209 649954
33294 628773
345954 60512
67333 310908
4 3
36758 424622
333895 46746
593357 26305
32613 478590
4 3
37023 409032
28782 526148
268632 56373
283843 53352
8 5
563032 102495
920790 694134
199141 472101
119775 857539
140397 945434
753541 103282
789120 263274
602236 414712
9 3
56180 726906
220597 185123
56034 728800
667870 61146
596744 68434
161644 252639
536419 76130
155946 261870
920242 44377
2 1
28174 2309
221459 21
3 1
3014 350206
17178 29
3278 363583
4 2
3783 379180
3843 349635
3615 308181
16529 96
2 1
444569 401613
774154 676246
5 1
86534 776314
421234 159478
166839 402649
550347 122064
612660 109649
4 3
680393 264695
851256 332050
3136 910126
886812 100513
2 2
117304 56511
21528 307923
