2525 1
2400 5


300 2
120 6060 90


250805792 1
84101869 4500


472185737 1
422787126 9348


645185311 1
229159696 336


538206679 1
447802645 833


250100567 1
21018018 7000


1000000000 1
1 1


747869622 1
151159429 6112


2 1
1 1


1000000000 1
999999999 1


1000000000 2
999000000 1998000000 1


590637098 1
363529621 8510


184669634 1
52532440 6163


885609848 1
445343469 404


812349301 1
475321363 830


831949255 1
6231499 5688


616859036 1
343230791 2180


927498360 1
64087957 964


929540001 1
428953674 1763


367549776 1
214910625 1558


478684333 1
164015794 3733


537618362 1
1832525 944


41678293 1
38598436 7429


195146165 1
62029061 3326


1000000000 2
12345675 312345676 2


211735235 1
9935323 7136


435811194 1
33427505 3024


586613580 1
8126515 4565


629383207 1
285107131 1674


553016757 1
506346527 8416


499515665 1
472773126 5232


1000000000 2
999999998 2999999997 3


743430668 1
41721753 428


168849041 1
6957363 1867


850161774 1
195097011 9055


650808561 1
551682312 6515


242584079 1
237039495 1008


517400561 1
437781844 2637


2 1
1 10000


24646373 1
23169551 8461


647494971 1
403954049 9453


852256888 1
128637743 7533


477349516 1
83938146 7522


336662263 1
333897591 3481


141568437 2
28708016 9533107429709 2403


820580171 1
760434761 3301


1000000000 2
2 21 3


265748838 1
206582232 8284


767971452 1
122544930 6926


743712184 1
297900908 3779


749195097 1
528300965 2639


286331855 1
43060512 3680


927707233 1
711797420 7838


1000000000 1
999999999 10000


342273596 1
48797738 8486


287375661 1
138577401 3491


903354949 1
665558316 6842


455034553 1
311741437 4458


953852117 1
776070197 3031


189854370 1
32926303 4875


386860147 1
198229952 5926


294855849 1
47906499 5318


26983047 1
21316339 434


455591543 1
198242632 8155


797588658 1
658529053 3281


669942868 1
535761349 5816


833425398 1
204504400 6312


200000 2
5001 15000 9


723847913 1
417279900 1061


122084199 1
77485648 188


633039240 1
317231046 8940


609648017 1
291924644 9066


126270647 1
111336207 5200


779154315 1
312823818 7736


76416575 1
71044138 740


240848314 1
69485591 2554


346800945 1
303474953 700


162414799 1
47462030 7851


57517217 1
21110679 9081


1000000000 2
999999999 2999999998 3


755655643 1
136866308 4291


862063563 1
514085315 9429


468970415 1
56036981 5659


391381250 1
74105765 7374


117093817 1
71234770 8180


391368344 1
22386082 9177


759947214 1
153693292 7844


119262732 1
46941584 5839


503840974 1
148541109 6216


732882475 1
465099806 3413


346609914 1
215313804 6567


1000000000 2
100 10000200 10000


1000000000 2
999999997 2999999996 3


1000000000 1
1 10000


183168251 1
71224610 5383


1000000000 2
999000000 10000998000000 10000


523212382 2
439531000 572879217143 679


163115215 1
77299653 9653


