100
4 2
5 2
6 2
1000 1000
1000 1
500 245
999 127
500 116
635 488
317 237
2 1
500 117
500 128
2 2
384 329
495 424
1 1
1000 499
876 672
999 256
999 497
765 638
596 473
999 447
5 1
733 732
788 756
520 469
1000 128
755 733
500 250
407 363
999 255
371 282
999 128
999 498
1000 999
494 423
500 127
1000 511
500 244
311 271
500 2
1000 127
896 849
500 79
1000 498
668 509
631 531
850 835
999 487
500 249
500 1
500 256
3 2
500 248
500 129
999 999
481 401
368 294
1000 489
623 577
353 266
588 521
773 651
3 1
1000 2
999 511
4 1
678 567
1000 338
999 512
732 673
1000 512
999 499
1000 510
999 2
607 538
1000 256
500 500
1000 488
437 356
525 483
1000 255
678 598
394 324
499 475
256 239
999 488
846 797
1000 500
999 998
924 788
500 255
837 779
999 1
500 499
991 766
564 450
699 631
