100
4 2
5 2
6 2
1000 1000
1000 1
286230 221152
662618 629226
2 2
2 1
3 2
914571 912862
1000000 499999
999999 127
1000000 475712
453111 430863
1000000 524288
795524 624146
500000 243729
1000000 128
765638 724836
500000 1
710710 681951
999999 494461
999999 524287
529272 444826
950256 786279
999999 1
573579 498853
500000 237856
999999 999998
500000 128
812258 712888
475373 433429
500000 237857
500000 249999
500000 131072
1000000 500000
269874 260776
999999 524288
286377 255819
828388 690464
1000000 2
310089 288497
999999 438027
647615 487210
500000 2
529317 465244
514071 406449
1000000 499998
500000 262144
857536 696960
500000 131778
1000000 1000000
999999 128
879114 677423
844443 666808
999999 499998
662373 579584
397414 365317
500000 250000
500000 499999
1000000 475713
5 1
999999 499999
999999 499997
1 1
507626 453599
254829 219996
500000 127
500000 500000
1000000 1
1000000 262143
1000000 262144
500000 249998
382856 327477
1000000 524287
997644 840140
999999 999999
760590 632683
999999 262143
999999 475712
1000000 999999
500000 131071
999999 2
616518 548749
1000000 127
707945 562867
782539 624666
1000000 336794
3 1
303450 279920
999999 262144
577247 526228
999999 475711
500000 262143
4 1
458193 396817
507558 456991
1000000 520386
321346 297330
